              precision    recall  f1-score   support

           0       0.93      0.99      0.96      1000
           1       0.99      0.94      0.96      1000
           2       0.99      1.00      0.99      1000
           3       0.96      0.96      0.96      1000
           4       0.98      0.99      0.98      1000
           5       0.99      0.96      0.98      1000
           6       0.98      0.93      0.95      1000
           7       0.90      0.96      0.93      1000
           8       1.00      0.99      0.99      1000
           9       0.99      0.99      0.99      1000

    accuracy                           0.97     10000
   macro avg       0.97      0.97      0.97     10000
weighted avg       0.97      0.97      0.97     10000
