              precision    recall  f1-score   support

           0       0.99      1.00      1.00      1000
           1       1.00      1.00      1.00      1000
           2       0.98      1.00      0.99      1000
           3       0.99      0.99      0.99      1000
           4       0.99      0.99      0.99      1000
           5       1.00      0.96      0.98      1000
           6       1.00      0.98      0.99      1000
           7       0.97      0.99      0.98      1000
           8       1.00      1.00      1.00      1000
           9       1.00      1.00      1.00      1000

    accuracy                           0.99     10000
   macro avg       0.99      0.99      0.99     10000
weighted avg       0.99      0.99      0.99     10000
